1000.jpg:22,51,50,39,40.5
10000.jpg:48,42,46,77,53.25
10001.jpg:141,244,66,162,153.25
10002.jpg:53,192,54,89,97.0
10003.jpg:246,114,248,80,172.0
10004.jpg:40,73,91,37,60.25
10005.jpg:99,44,40,66,62.25
10006.jpg:52,42,47,64,51.25
10007.jpg:43,90,47,22,50.5
10009.jpg:26,61,33,21,35.25
1001.jpg:27,18,22,18,21.25
1002.jpg:108,63,125,36,83.0
1003.jpg:170,190,25,151,134.0
1004.jpg:58,41,157,18,68.5
1005.jpg:34,61,141,204,110.0
1006.jpg:14,49,10,100,43.25
1007.jpg:17,35,14,206,68.0
1008.jpg:50,89,76,17,58.0
1009.jpg:66,101,64,26,64.25
1010.jpg:33,126,66,27,63.0
101000.jpg:24,69,105,45,60.75
101001.jpg:19,242,24,17,75.5
101002.jpg:8,215,11,76,77.5
101003.jpg:19,70,119,57,66.25
1011.jpg:34,114,43,84,68.75
102000.jpg:5,63,38,8,28.5
102001.jpg:66,150,37,67,80.0
102002.jpg:62,100,82,113,89.25
102003.jpg:57,39,62,39,49.25
102004.jpg:16,132,56,27,57.75
102005.jpg:99,135,40,21,73.75
102006.jpg:57,166,227,21,117.75
103000.jpg:60,98,42,107,76.75
103001.jpg:159,150,189,78,144.0
103002.jpg:28,34,74,73,52.25
103003.jpg:42,135,142,14,83.25
103004.jpg:83,108,120,47,89.5
103005.jpg:19,190,41,26,69.0
103006.jpg:119,35,162,111,106.75
103007.jpg:139,104,90,58,97.75
103014.jpg:126,221,135,77,139.75
104000.jpg:129,77,42,24,68.0
104001.jpg:54,65,83,31,58.25
104002.jpg:17,78,25,63,45.75
104003.jpg:29,26,111,25,47.75
104004.jpg:44,174,79,18,78.75
104005.jpg:151,45,167,58,105.25
104007.jpg:78,228,99,29,108.5
104014.jpg:235,248,58,253,198.5
105000.jpg:56,59,44,188,86.75
105001.jpg:142,27,39,78,71.5
105002.jpg:39,129,123,70,90.25
105003.jpg:97,89,73,197,114.0
105004.jpg:70,69,20,35,48.5
105008.jpg:84,139,238,26,121.75
105009.jpg:28,26,20,52,31.5
105010.jpg:35,177,28,35,68.75
106000.jpg:88,192,38,62,95.0
106001.jpg:116,66,123,62,91.75
106002.jpg:209,43,176,45,118.25
106003.jpg:86,134,128,32,95.0
106005.jpg:59,32,46,29,41.5
107000.jpg:23,175,32,9,59.75
107001.jpg:70,35,26,30,40.25
107002.jpg:19,52,10,16,24.25
107008.jpg:132,122,93,44,97.75
11000.jpg:85,185,48,139,114.25
110000.jpg:31,42,41,36,37.5
110001.jpg:63,11,30,13,29.25
110002.jpg:27,111,56,120,78.5
110003.jpg:43,125,46,18,58.0
110004.jpg:187,71,170,54,120.5
110006.jpg:25,169,34,10,59.5
11001.jpg:34,30,57,21,35.5
11002.jpg:133,66,217,49,116.25
11003.jpg:27,45,34,48,38.5
11004.jpg:35,102,12,77,56.5
11005.jpg:27,53,16,13,27.25
11009.jpg:61,35,56,20,43.0
11010.jpg:57,61,68,84,67.5
11011.jpg:164,26,183,106,119.75
111000.jpg:61,120,23,61,66.25
111001.jpg:16,55,20,70,40.25
111002.jpg:18,65,12,29,31.0
111003.jpg:16,87,13,29,36.25
111004.jpg:184,43,156,148,132.75
111005.jpg:84,42,94,63,70.75
112000.jpg:52,214,35,22,80.75
112001.jpg:29,82,130,74,78.75
112002.jpg:28,184,129,57,99.5
112003.jpg:69,94,30,28,55.25
112004.jpg:27,174,48,86,83.75
113000.jpg:218,160,89,91,139.5
113001.jpg:15,134,11,98,64.5
113002.jpg:66,50,98,47,65.25
113003.jpg:153,35,93,61,85.5
113004.jpg:57,28,81,18,46.0
113005.jpg:230,78,100,146,138.5
113007.jpg:104,46,234,150,133.5
114000.jpg:106,52,37,85,70.0
114001.jpg:10,190,18,40,64.5
114002.jpg:11,66,8,31,29.0
114003.jpg:135,22,43,17,54.25
114004.jpg:49,28,128,86,72.75
114005.jpg:53,218,201,189,165.25
114022.jpg:120,83,179,222,151.0
115000.jpg:53,51,59,102,66.25
115001.jpg:26,56,52,53,46.75
115002.jpg:50,13,125,16,51.0
115003.jpg:170,229,107,228,183.5
115004.jpg:115,63,87,61,81.5
115005.jpg:74,19,80,33,51.5
115006.jpg:65,41,96,53,63.75
117000.jpg:41,62,21,17,35.25
117001.jpg:143,70,49,84,86.5
117002.jpg:63,69,122,153,101.75
117003.jpg:56,63,133,211,115.75
117004.jpg:17,66,58,62,50.75
117006.jpg:86,117,232,114,137.25
119000.jpg:61,51,32,15,39.75
119001.jpg:27,65,96,13,50.25
119002.jpg:104,125,187,5,105.25
119003.jpg:39,77,73,17,51.5
119012.jpg:68,78,151,126,105.75
12000.jpg:25,60,106,192,95.75
120000.jpg:113,21,49,60,60.75
120001.jpg:56,21,27,45,37.25
120002.jpg:55,93,40,12,50.0
120003.jpg:56,14,65,32,41.75
120004.jpg:48,165,149,226,147.0
120005.jpg:37,107,115,46,76.25
120006.jpg:121,32,40,35,57.0
120007.jpg:95,73,52,64,71.0
12001.jpg:4,28,12,17,15.25
12002.jpg:9,140,24,156,82.25
12003.jpg:35,52,12,51,37.5
12004.jpg:104,106,66,14,72.5
12005.jpg:117,61,32,63,68.25
12006.jpg:64,35,124,86,77.25
12008.jpg:115,62,69,12,64.5
121000.jpg:11,18,43,22,23.5
121001.jpg:45,146,92,205,122.0
121002.jpg:35,33,39,80,46.75
121003.jpg:70,72,53,10,51.25
121004.jpg:32,42,137,54,66.25
122000.jpg:126,43,32,7,52.0
122001.jpg:38,109,93,110,87.5
122002.jpg:133,57,94,15,74.75
122003.jpg:66,66,48,43,55.75
122004.jpg:117,81,74,21,73.25
122014.jpg:22,88,59,31,50.0
126000.jpg:108,51,53,37,62.25
126001.jpg:120,17,81,128,86.5
126002.jpg:32,50,19,11,28.0
126003.jpg:24,149,46,55,68.5
126004.jpg:127,49,57,26,64.75
127000.jpg:24,39,22,110,48.75
127001.jpg:31,200,24,66,80.25
127002.jpg:15,8,36,33,23.0
127003.jpg:28,59,55,38,45.0
13000.jpg:31,38,13,101,45.75
13001.jpg:158,57,189,16,105.0
13002.jpg:34,68,41,42,46.25
13003.jpg:86,194,74,27,95.25
13004.jpg:75,86,97,85,85.75
13005.jpg:161,128,43,12,86.0
13006.jpg:21,28,80,38,41.75
13007.jpg:64,92,45,60,65.25
13008.jpg:16,44,38,53,37.75
13009.jpg:120,39,28,19,51.5
131000.jpg:28,151,16,15,52.5
131001.jpg:87,67,77,55,71.5
131002.jpg:68,89,164,58,94.75
131003.jpg:49,71,59,21,50.0
131011.jpg:24,46,33,28,32.75
133000.jpg:124,146,127,38,108.75
133001.jpg:87,165,44,194,122.5
133002.jpg:118,123,58,24,80.75
133003.jpg:201,78,42,54,93.75
133004.jpg:185,161,89,70,126.25
134000.jpg:34,33,34,150,62.75
134001.jpg:234,169,87,47,134.25
134002.jpg:19,45,35,68,41.75
134004.jpg:95,85,144,71,98.75
134006.jpg:57,49,246,31,95.75
136000.jpg:21,28,12,79,35.0
136001.jpg:25,35,33,61,38.5
14000.jpg:28,24,26,25,25.75
14001.jpg:82,38,17,63,50.0
14002.jpg:92,30,41,71,58.5
14003.jpg:181,23,82,20,76.5
14004.jpg:24,175,90,5,73.5
14005.jpg:128,30,26,14,49.5
141000.jpg:46,55,49,9,39.75
141001.jpg:28,32,44,31,33.75
142000.jpg:168,93,73,52,96.5
142001.jpg:142,40,61,38,70.25
143000.jpg:22,35,17,141,53.75
143001.jpg:16,208,19,14,64.25
143002.jpg:91,100,52,22,66.25
143004.jpg:43,39,9,91,45.5
15000.jpg:75,22,65,39,50.25
150000.jpg:4,29,14,50,24.25
150001.jpg:6,35,61,52,38.5
150002.jpg:45,166,59,104,93.5
150004.jpg:48,26,90,94,64.5
15001.jpg:62,36,136,25,64.75
150013.jpg:157,111,31,37,84.0
15002.jpg:133,53,94,32,78.0
15003.jpg:104,104,209,18,108.75
15004.jpg:54,61,120,239,118.5
15005.jpg:80,55,27,12,43.5
15006.jpg:58,18,115,12,50.75
15008.jpg:86,34,83,16,54.75
15009.jpg:22,166,32,121,85.25
154000.jpg:56,41,56,159,78.0
154001.jpg:47,74,56,51,57.0
154002.jpg:66,154,94,121,108.75
157000.jpg:248,49,99,49,111.25
157001.jpg:49,24,58,37,42.0
157002.jpg:60,31,68,17,44.0
157003.jpg:45,10,29,11,23.75
157009.jpg:73,54,54,30,52.75
16000.jpg:29,6,23,17,18.75
16001.jpg:43,43,32,174,73.0
16002.jpg:133,3,98,3,59.25
16003.jpg:146,125,108,69,112.0
16004.jpg:11,16,39,25,22.75
16006.jpg:21,180,49,68,79.5
16007.jpg:26,172,137,162,124.25
161000.jpg:34,54,44,15,36.75
161001.jpg:25,52,57,98,58.0
161002.jpg:22,64,169,242,124.25
161003.jpg:252,37,54,250,148.25
163000.jpg:112,76,81,202,117.75
163001.jpg:210,32,221,52,128.75
164000.jpg:49,92,16,52,52.25
164001.jpg:66,18,52,45,45.25
17000.jpg:36,24,100,22,45.5
17001.jpg:204,230,97,224,188.75
17002.jpg:31,15,59,27,33.0
17003.jpg:89,216,132,30,116.75
17004.jpg:12,80,21,67,45.0
17005.jpg:240,201,29,212,170.5
17006.jpg:200,213,157,205,193.75
17007.jpg:52,212,52,22,84.5
17008.jpg:31,42,192,36,75.25
17014.jpg:23,35,36,24,29.5
18000.jpg:52,20,242,24,84.5
18001.jpg:56,89,55,144,86.0
18002.jpg:31,90,135,30,71.5
18003.jpg:56,17,34,49,39.0
18004.jpg:66,155,28,42,72.75
18005.jpg:42,50,41,20,38.25
18006.jpg:109,23,75,36,60.75
18010.jpg:166,145,109,60,120.0
18011.jpg:99,104,78,183,116.0
18012.jpg:74,201,31,25,82.75
19000.jpg:29,60,185,102,94.0
19001.jpg:237,188,229,24,169.5
19002.jpg:188,193,186,119,171.5
19003.jpg:27,34,16,18,23.75
19004.jpg:94,36,88,31,62.25
19005.jpg:143,77,21,16,64.25
19006.jpg:28,180,141,76,106.25
19007.jpg:112,24,52,21,52.25
19009.jpg:19,161,72,87,84.75
19010.jpg:166,237,53,30,121.5
2000.jpg:49,65,29,130,68.25
20000.jpg:87,38,55,54,58.5
20001.jpg:89,70,148,155,115.5
20002.jpg:17,96,110,89,78.0
20003.jpg:83,99,20,47,62.25
20004.jpg:68,56,52,52,57.0
20005.jpg:129,54,102,122,101.75
20006.jpg:208,117,137,135,149.25
2001.jpg:22,56,86,65,57.25
2002.jpg:148,61,27,47,70.75
2003.jpg:41,149,149,130,117.25
2006.jpg:120,116,131,210,144.25
201000.jpg:107,66,34,50,64.25
201001.jpg:25,16,77,44,40.5
201002.jpg:13,251,26,21,77.75
201010.jpg:15,60,26,15,29.0
202000.jpg:10,24,21,12,16.75
202001.jpg:226,62,79,47,103.5
202002.jpg:35,63,97,22,54.25
202003.jpg:61,103,212,42,104.5
202004.jpg:150,166,32,37,96.25
203000.jpg:9,10,10,6,8.75
203001.jpg:46,139,16,82,70.75
203002.jpg:145,18,26,38,56.75
21000.jpg:102,13,209,108,108.0
21001.jpg:216,76,24,156,118.0
21002.jpg:60,71,41,41,53.25
21003.jpg:31,189,40,46,76.5
21004.jpg:23,124,39,124,77.5
21005.jpg:95,46,203,74,104.5
21006.jpg:64,246,36,57,100.75
21007.jpg:223,127,168,40,139.5
21008.jpg:67,62,28,18,43.75
21009.jpg:168,71,124,31,98.5
21015.jpg:53,86,77,82,74.5
22000.jpg:84,193,74,38,97.25
22001.jpg:53,116,83,148,100.0
22002.jpg:107,215,58,22,100.5
22003.jpg:29,220,101,110,115.0
22004.jpg:72,72,51,99,73.5
22005.jpg:87,67,47,78,69.75
22006.jpg:206,174,109,69,139.5
22007.jpg:105,63,84,51,75.75
22008.jpg:57,31,33,82,50.75
22009.jpg:111,34,56,60,65.25
222000.jpg:96,14,22,9,35.25
222001.jpg:32,45,22,61,40.0
222002.jpg:35,76,78,27,54.0
222003.jpg:65,63,35,33,49.0
222004.jpg:51,108,102,119,95.0
222012.jpg:50,199,31,87,91.75
223000.jpg:72,14,24,44,38.5
223001.jpg:61,19,57,26,40.75
23000.jpg:139,40,68,74,80.25
23001.jpg:16,47,23,74,40.0
23002.jpg:110,20,64,25,54.75
23003.jpg:29,81,35,42,46.75
23004.jpg:143,24,41,24,58.0
23005.jpg:37,14,4,22,19.25
23006.jpg:172,12,189,19,98.0
23007.jpg:11,80,29,27,36.75
23008.jpg:106,63,48,85,75.5
23009.jpg:31,28,41,10,27.5
236000.jpg:24,35,12,15,21.5
236001.jpg:43,56,41,56,49.0
236006.jpg:166,47,32,74,79.75
236007.jpg:168,48,55,84,88.75
238000.jpg:120,22,92,18,63.0
238001.jpg:83,142,189,21,108.75
238003.jpg:67,73,78,82,75.0
238010.jpg:27,30,14,39,27.5
238011.jpg:23,40,45,39,36.75
24000.jpg:42,26,58,20,36.5
240000.jpg:54,24,16,19,28.25
240001.jpg:122,182,119,62,121.25
24001.jpg:99,186,73,173,132.75
24002.jpg:37,166,43,170,104.0
24003.jpg:89,140,91,45,91.25
24004.jpg:43,66,60,51,55.0
24005.jpg:72,78,188,61,99.75
24006.jpg:168,11,84,16,69.75
24007.jpg:61,26,36,34,39.25
24008.jpg:37,61,57,49,51.0
24012.jpg:3,178,106,28,78.75
24013.jpg:126,94,88,109,104.25
245000.jpg:37,43,35,14,32.25
245001.jpg:86,33,185,105,102.25
245003.jpg:45,77,15,116,63.25
25000.jpg:26,21,32,44,30.75
25001.jpg:30,167,7,86,72.5
25002.jpg:5,175,7,71,64.5
25003.jpg:36,23,59,45,40.75
25004.jpg:34,67,18,54,43.25
25005.jpg:21,105,14,46,46.5
25006.jpg:33,203,9,13,64.5
25011.jpg:26,32,11,124,48.25
254000.jpg:145,11,17,72,61.25
254001.jpg:47,40,158,47,73.0
254002.jpg:12,178,39,127,89.0
254003.jpg:31,47,126,39,60.75
254004.jpg:19,88,29,32,42.0
254005.jpg:19,70,20,32,35.25
254011.jpg:158,81,131,40,102.5
26000.jpg:37,138,226,44,111.25
26001.jpg:62,218,68,19,91.75
26002.jpg:137,53,169,4,90.75
26003.jpg:111,41,95,23,67.5
26004.jpg:38,63,43,21,41.25
26005.jpg:16,18,38,18,22.5
266000.jpg:41,19,70,100,57.5
266001.jpg:179,134,103,204,155.0
266002.jpg:22,22,139,36,54.75
266003.jpg:106,128,9,19,65.5
267000.jpg:36,183,123,29,92.75
267001.jpg:104,72,58,114,87.0
267002.jpg:21,158,133,154,116.5
267003.jpg:21,204,21,65,77.75
267007.jpg:21,23,22,57,30.75
268000.jpg:152,49,190,37,107.0
268001.jpg:26,27,46,225,81.0
268002.jpg:11,84,66,16,44.25
268003.jpg:24,87,173,24,77.0
268004.jpg:161,196,104,169,157.5
27000.jpg:57,79,65,8,52.25
27001.jpg:0,41,1,53,23.75
27002.jpg:168,40,44,183,108.75
27003.jpg:107,199,236,119,165.25
27004.jpg:54,62,22,172,77.5
27005.jpg:111,123,75,14,80.75
27006.jpg:93,165,88,72,104.5
27007.jpg:63,101,226,140,132.5
27008.jpg:71,169,62,94,99.0
27009.jpg:235,15,172,13,108.75
28000.jpg:53,23,11,116,50.75
28001.jpg:79,76,52,149,89.0
28002.jpg:69,137,89,120,103.75
28003.jpg:38,115,31,34,54.5
29000.jpg:26,149,15,125,78.75
29001.jpg:63,59,78,29,57.25
29002.jpg:234,40,147,40,115.25
29003.jpg:2,24,11,44,20.25
29004.jpg:30,64,23,27,36.0
29005.jpg:26,56,28,21,32.75
29006.jpg:166,32,151,12,90.25
29008.jpg:71,99,44,37,62.75
3000.jpg:98,67,177,109,112.75
30000.jpg:9,26,34,21,22.5
30001.jpg:78,125,31,16,62.5
30002.jpg:55,152,57,83,86.75
30003.jpg:14,106,49,61,57.5
30005.jpg:45,181,23,50,74.75
30009.jpg:40,44,37,154,68.75
3001.jpg:72,120,25,84,75.25
3002.jpg:17,101,30,21,42.25
3003.jpg:19,34,32,32,29.25
3004.jpg:29,22,57,39,36.75
3005.jpg:23,169,76,102,92.5
31000.jpg:81,26,39,28,43.5
31001.jpg:37,44,16,79,44.0
31002.jpg:39,62,40,115,64.0
31003.jpg:34,60,25,150,67.25
31004.jpg:54,157,27,52,72.5
31005.jpg:134,128,83,160,126.25
32000.jpg:46,59,109,113,81.75
32001.jpg:13,219,7,71,77.5
32002.jpg:75,185,171,240,167.75
32003.jpg:29,123,42,33,56.75
32004.jpg:142,163,88,93,121.5
32005.jpg:129,25,129,22,76.25
32006.jpg:83,88,64,65,75.0
32007.jpg:32,206,64,98,100.0
33000.jpg:71,201,139,48,114.75
33001.jpg:33,61,62,136,73.0
33002.jpg:130,22,8,7,41.75
33003.jpg:22,81,59,20,45.5
33004.jpg:203,178,68,83,133.0
33005.jpg:28,33,23,63,36.75
33006.jpg:109,217,101,83,127.5
33007.jpg:22,186,27,51,71.5
34000.jpg:53,24,20,51,37.0
34001.jpg:102,154,210,79,136.25
34002.jpg:201,207,116,82,151.5
34003.jpg:143,99,141,54,109.25
34004.jpg:83,156,33,41,78.25
34005.jpg:78,52,25,165,80.0
34007.jpg:12,208,96,88,101.0
35000.jpg:38,19,21,28,26.5
35001.jpg:229,64,15,13,80.25
35002.jpg:136,83,125,82,106.5
35003.jpg:107,171,101,96,118.75
35004.jpg:28,40,37,62,41.75
35005.jpg:38,35,26,198,74.25
35006.jpg:25,53,204,29,77.75
35007.jpg:20,62,21,56,39.75
36000.jpg:177,26,203,226,158.0
36001.jpg:26,190,18,6,60.0
36002.jpg:55,84,191,30,90.0
36003.jpg:20,161,26,59,66.5
36004.jpg:38,87,18,14,39.25
36005.jpg:65,107,72,8,63.0
36006.jpg:64,26,75,42,51.75
36009.jpg:29,51,58,33,42.75
37000.jpg:232,237,82,25,144.0
37001.jpg:231,118,112,142,150.75
37003.jpg:88,28,196,16,82.0
37004.jpg:37,193,35,36,75.25
37005.jpg:16,79,17,83,48.75
37006.jpg:51,129,74,100,88.5
37007.jpg:96,100,99,188,120.75
38000.jpg:64,121,57,207,112.25
38001.jpg:187,53,175,45,115.0
38002.jpg:96,120,33,30,69.75
38003.jpg:50,15,63,12,35.0
38004.jpg:61,17,33,10,30.25
38005.jpg:22,40,32,71,41.25
39000.jpg:68,145,99,84,99.0
39001.jpg:11,33,6,43,23.25
39002.jpg:69,118,79,80,86.5
39003.jpg:204,51,96,37,97.0
39004.jpg:109,104,75,106,98.5
39005.jpg:239,41,84,63,106.75
4000.jpg:18,43,88,23,43.0
40000.jpg:156,86,70,64,94.0
40001.jpg:124,52,82,147,101.25
40002.jpg:128,34,132,34,82.0
40003.jpg:45,116,54,136,87.75
40004.jpg:71,47,69,19,51.5
40005.jpg:65,103,115,41,81.0
40007.jpg:42,218,117,211,147.0
40008.jpg:81,162,127,85,113.75
4001.jpg:16,41,50,154,65.25
4002.jpg:74,122,31,39,66.5
4003.jpg:85,92,159,16,88.0
4004.jpg:32,44,24,18,29.5
4005.jpg:241,55,36,50,95.5
4006.jpg:36,25,34,38,33.25
4007.jpg:128,114,158,163,140.75
4009.jpg:31,53,38,48,42.5
4010.jpg:37,103,26,22,47.0
41000.jpg:83,20,39,18,40.0
41001.jpg:94,117,64,78,88.25
41002.jpg:97,207,61,59,106.0
41003.jpg:54,194,32,97,94.25
41004.jpg:159,19,63,95,84.0
41005.jpg:48,24,54,23,37.25
41006.jpg:64,83,151,25,80.75
41007.jpg:21,18,10,6,13.75
41008.jpg:27,68,37,145,69.25
412000.jpg:32,38,82,20,43.0
412001.jpg:29,48,24,45,36.5
412002.jpg:24,27,92,45,47.0
412003.jpg:41,13,49,248,87.75
412005.jpg:31,97,42,112,70.5
42000.jpg:163,91,88,19,90.25
420000.jpg:147,26,52,198,105.75
420001.jpg:74,85,81,59,74.75
42001.jpg:138,80,128,142,122.0
42002.jpg:85,201,94,111,122.75
42003.jpg:103,97,144,240,146.0
42004.jpg:30,230,23,149,108.0
42005.jpg:100,97,100,42,84.75
42006.jpg:44,255,75,31,101.25
42008.jpg:94,21,128,188,107.75
421000.jpg:12,17,21,23,18.25
421001.jpg:45,33,42,88,52.0
421002.jpg:15,155,62,182,103.5
427000.jpg:35,138,16,16,51.25
427001.jpg:184,225,39,234,170.5
429000.jpg:43,37,22,37,34.75
429001.jpg:211,154,59,28,113.0
429002.jpg:90,30,43,36,49.75
43000.jpg:93,94,58,21,66.5
43001.jpg:84,221,174,112,147.75
43002.jpg:148,67,252,90,139.25
43003.jpg:44,58,51,93,61.5
43004.jpg:22,65,8,25,30.0
43006.jpg:137,123,173,41,118.5
43007.jpg:28,50,99,84,65.25
432000.jpg:20,12,26,11,17.25
432001.jpg:39,75,27,42,45.75
432006.jpg:63,62,224,140,122.25
44000.jpg:26,80,164,120,97.5
44001.jpg:35,40,179,12,66.5
44002.jpg:162,247,95,77,145.25
44003.jpg:23,98,21,15,39.25
44004.jpg:124,167,173,65,132.25
45000.jpg:172,149,35,41,99.25
45001.jpg:92,57,80,19,62.0
45002.jpg:252,131,209,40,158.0
45003.jpg:85,43,74,11,53.25
45004.jpg:116,38,123,76,88.25
45005.jpg:63,24,85,68,60.0
45006.jpg:140,155,82,87,116.0
45007.jpg:99,240,135,87,140.25
45008.jpg:136,62,162,30,97.5
45009.jpg:48,194,59,42,85.75
48000.jpg:130,53,66,19,67.0
48001.jpg:31,27,68,73,49.75
48002.jpg:118,26,167,19,82.5
48003.jpg:147,26,61,31,66.25
48004.jpg:129,50,99,15,73.25
48005.jpg:40,62,52,87,60.25
497000.jpg:89,159,19,32,74.75
497001.jpg:120,108,142,182,138.0
497002.jpg:127,85,159,55,106.5
5000.jpg:91,55,164,173,120.75
50000.jpg:23,65,115,10,53.25
50001.jpg:143,64,57,227,122.75
50002.jpg:8,41,29,94,43.0
50003.jpg:14,13,46,66,34.75
50004.jpg:39,47,14,198,74.5
5001.jpg:49,208,38,76,92.75
5002.jpg:218,207,73,42,135.0
5003.jpg:86,188,35,28,84.25
5004.jpg:57,105,145,29,84.0
5005.jpg:81,13,40,36,42.5
5006.jpg:89,14,137,29,67.25
5013.jpg:28,104,80,43,63.75
51000.jpg:43,241,237,113,158.5
51001.jpg:66,171,88,141,116.5
51002.jpg:185,227,77,212,175.25
51003.jpg:147,13,166,39,91.25
51004.jpg:228,55,66,16,91.25
51005.jpg:71,30,26,42,42.25
51006.jpg:27,64,67,42,50.0
51010.jpg:17,119,40,194,92.5
51011.jpg:94,76,88,115,93.25
516000.jpg:20,20,80,68,47.0
516001.jpg:35,35,78,41,47.25
53000.jpg:97,29,29,38,48.25
53001.jpg:43,79,43,32,49.25
53002.jpg:63,154,109,157,120.75
53003.jpg:78,69,110,53,77.5
53004.jpg:154,40,101,25,80.0
53005.jpg:54,84,17,17,43.0
53006.jpg:15,225,109,22,92.75
53007.jpg:199,201,150,50,150.0
53011.jpg:173,83,51,35,85.5
53020.jpg:52,37,121,27,59.25
53021.jpg:168,115,86,192,140.25
54000.jpg:55,50,93,55,63.25
54001.jpg:1,55,43,17,29.0
54002.jpg:37,32,31,21,30.25
54003.jpg:166,37,112,160,118.75
54004.jpg:49,53,64,36,50.5
54005.jpg:62,79,64,31,59.0
54006.jpg:24,99,17,40,45.0
54007.jpg:55,52,1,15,30.75
55000.jpg:55,63,29,65,53.0
55001.jpg:63,136,17,12,57.0
55002.jpg:50,118,231,140,134.75
55003.jpg:108,7,119,34,67.0
55004.jpg:204,191,40,40,118.75
55005.jpg:43,110,39,31,55.75
55006.jpg:121,55,103,97,94.0
55007.jpg:84,124,53,128,97.25
55008.jpg:13,17,8,14,13.0
55009.jpg:38,236,80,140,123.5
55010.jpg:28,57,48,104,59.25
56000.jpg:16,117,11,29,43.25
56001.jpg:209,36,133,14,98.0
56002.jpg:59,18,74,102,63.25
56003.jpg:24,62,26,103,53.75
56004.jpg:52,172,21,207,113.0
56005.jpg:73,86,182,50,97.75
57000.jpg:73,13,33,61,45.0
57001.jpg:64,26,67,66,55.75
57002.jpg:210,107,166,22,126.25
57003.jpg:31,28,45,52,39.0
57004.jpg:77,18,79,14,47.0
57007.jpg:123,157,124,63,116.75
58000.jpg:39,29,106,82,64.0
58001.jpg:29,13,123,31,49.0
58002.jpg:174,188,155,88,151.25
58003.jpg:70,67,143,128,102.0
58004.jpg:123,26,53,27,57.25
58005.jpg:35,72,23,139,67.25
58006.jpg:157,72,135,66,107.5
58007.jpg:53,176,109,29,91.75
59000.jpg:67,15,128,20,57.5
59001.jpg:5,53,17,44,29.75
59002.jpg:94,49,65,2,52.5
59003.jpg:73,27,90,21,52.75
59004.jpg:16,169,40,9,58.5
59005.jpg:152,30,88,13,70.75
59007.jpg:37,62,76,52,56.75
6000.jpg:38,16,50,38,35.5
60000.jpg:30,21,12,6,17.25
60001.jpg:78,139,118,230,141.25
60002.jpg:34,202,55,45,84.0
60003.jpg:20,49,13,23,26.25
60005.jpg:32,93,88,27,60.0
6001.jpg:155,85,82,23,86.25
6002.jpg:34,25,30,27,29.0
6003.jpg:34,42,81,23,45.0
61000.jpg:154,99,40,88,95.25
61001.jpg:13,108,16,34,42.75
61002.jpg:24,31,36,12,25.75
61003.jpg:29,112,22,7,42.5
61005.jpg:86,54,54,130,81.0
61006.jpg:247,120,69,42,119.5
61007.jpg:63,78,35,23,49.75
62000.jpg:47,107,85,45,71.0
62001.jpg:119,77,22,18,59.0
62002.jpg:152,47,126,50,93.75
62003.jpg:51,115,101,23,72.5
62004.jpg:18,31,122,80,62.75
62005.jpg:98,49,102,113,90.5
63000.jpg:17,72,133,47,67.25
63001.jpg:31,20,10,28,22.25
63002.jpg:46,115,11,34,51.5
63003.jpg:39,103,28,29,49.75
63004.jpg:21,170,40,11,60.5
63005.jpg:159,200,74,40,118.25
63006.jpg:53,202,23,23,75.25
64000.jpg:59,37,57,29,45.5
64001.jpg:32,10,106,32,45.0
64002.jpg:196,35,200,42,118.25
64003.jpg:22,22,53,46,35.75
64004.jpg:117,31,155,26,82.25
64005.jpg:248,107,89,153,149.25
64010.jpg:19,35,60,32,36.5
64011.jpg:84,24,43,28,44.75
67000.jpg:22,127,40,24,53.25
67001.jpg:24,157,26,21,57.0
67002.jpg:15,166,19,21,55.25
67003.jpg:58,39,39,134,67.5
67004.jpg:116,162,19,84,95.25
67006.jpg:68,18,67,45,49.5
67010.jpg:29,27,22,147,56.25
67011.jpg:40,116,39,115,77.5
68000.jpg:33,30,88,41,48.0
68001.jpg:151,66,150,141,127.0
68002.jpg:27,37,115,10,47.25
68003.jpg:64,134,208,80,121.5
69000.jpg:27,38,60,157,70.5
69001.jpg:96,43,39,93,67.75
69002.jpg:134,56,62,22,68.5
69003.jpg:51,92,51,93,71.75
69004.jpg:17,5,17,244,70.75
69008.jpg:53,181,22,27,70.75
7000.jpg:38,101,31,42,53.0
7001.jpg:25,59,52,23,39.75
7002.jpg:14,99,34,167,78.5
7003.jpg:20,107,27,21,43.75
7004.jpg:60,136,27,61,71.0
7005.jpg:16,18,8,2,11.0
72000.jpg:24,53,20,55,38.0
72001.jpg:96,23,80,20,54.75
72002.jpg:92,40,30,96,64.5
72003.jpg:82,145,31,35,73.25
74000.jpg:92,127,37,62,79.5
74001.jpg:25,34,44,34,34.25
74002.jpg:55,90,43,161,87.25
74003.jpg:25,12,11,36,21.0
74004.jpg:49,75,69,140,83.25
74005.jpg:184,208,146,60,149.5
75000.jpg:36,71,129,56,73.0
75001.jpg:11,64,5,31,27.75
75002.jpg:173,155,134,49,127.75
75003.jpg:35,64,36,16,37.75
75004.jpg:113,90,41,170,103.5
75005.jpg:42,93,12,90,59.25
75010.jpg:35,38,61,205,84.75
75011.jpg:102,71,128,81,95.5
76000.jpg:35,57,22,37,37.75
76001.jpg:237,79,37,232,146.25
76002.jpg:218,130,78,165,147.75
76003.jpg:135,78,44,37,73.5
76004.jpg:22,10,51,121,51.0
76005.jpg:42,20,29,46,34.25
76006.jpg:58,136,28,90,78.0
76007.jpg:50,151,29,22,63.0
76008.jpg:66,61,46,89,65.5
76009.jpg:61,69,55,206,97.75
77000.jpg:28,54,63,23,42.0
77001.jpg:47,172,83,30,83.0
77002.jpg:160,233,155,60,152.0
77003.jpg:88,44,71,12,53.75
78000.jpg:112,126,52,36,81.5
78001.jpg:22,20,37,6,21.25
78002.jpg:46,34,159,115,88.5
78003.jpg:29,24,52,13,29.5
78004.jpg:37,67,24,39,41.75
78005.jpg:31,44,42,31,37.0
78006.jpg:140,67,73,163,110.75
78007.jpg:80,50,75,136,85.25
78014.jpg:20,38,58,78,48.5
79000.jpg:30,25,41,13,27.25
79001.jpg:34,195,1,122,88.0
79002.jpg:179,125,58,16,94.5
79003.jpg:6,101,10,51,42.0
79004.jpg:19,67,14,13,28.25
79005.jpg:24,120,235,16,98.75
79006.jpg:42,68,138,181,107.25
79007.jpg:107,93,26,87,78.25
79010.jpg:150,84,66,66,91.5
8000.jpg:28,131,33,85,69.25
80000.jpg:252,35,38,8,83.25
80001.jpg:95,165,32,54,86.5
80002.jpg:55,98,35,77,66.25
80003.jpg:12,72,12,16,28.0
80004.jpg:36,13,15,37,25.25
80005.jpg:133,39,25,28,56.25
80006.jpg:40,32,10,47,32.25
8001.jpg:21,29,22,8,20.0
8002.jpg:61,27,11,45,36.0
8003.jpg:21,44,27,14,26.5
8004.jpg:17,63,11,8,24.75
8005.jpg:30,112,37,29,52.0
8006.jpg:62,98,39,39,59.5
81000.jpg:53,73,41,229,99.0
81001.jpg:70,61,77,161,92.25
81002.jpg:140,185,74,128,131.75
81003.jpg:30,69,47,48,48.5
81004.jpg:16,37,13,200,66.5
81005.jpg:12,96,22,91,55.25
81007.jpg:126,107,83,39,88.75
81009.jpg:195,72,85,58,102.5
81018.jpg:72,249,160,104,146.25
82000.jpg:92,37,160,50,84.75
82001.jpg:25,76,107,24,58.0
82002.jpg:158,13,162,53,96.5
82004.jpg:24,54,116,24,54.5
83000.jpg:37,87,47,18,47.25
83001.jpg:83,160,67,44,88.5
83002.jpg:43,46,0,15,26.0
83003.jpg:184,27,72,38,80.25
84000.jpg:207,106,19,38,92.5
84001.jpg:41,107,47,105,75.0
84002.jpg:17,96,19,46,44.5
84003.jpg:142,172,101,58,118.25
84004.jpg:27,29,23,162,60.25
84005.jpg:207,32,182,43,116.0
84006.jpg:35,58,44,26,40.75
84007.jpg:39,97,46,102,71.0
85000.jpg:52,116,207,151,131.5
85001.jpg:1,53,1,2,14.25
85002.jpg:61,226,74,63,106.0
85003.jpg:204,179,30,41,113.5
85004.jpg:61,48,29,33,42.75
85005.jpg:142,24,151,96,103.25
85006.jpg:46,89,89,29,63.25
85007.jpg:121,173,112,107,128.25
86000.jpg:146,59,206,43,113.5
86001.jpg:69,147,54,151,105.25
86002.jpg:122,84,125,126,114.25
86003.jpg:81,139,146,223,147.25
86004.jpg:54,34,49,129,66.5
86005.jpg:120,182,67,23,98.0
86006.jpg:126,44,68,23,65.25
86011.jpg:127,84,143,12,91.5
89000.jpg:188,148,162,25,130.75
89001.jpg:206,168,164,18,139.0
89002.jpg:22,56,44,13,33.75
89003.jpg:82,113,64,82,85.25
89004.jpg:215,138,122,78,138.25
89008.jpg:133,33,73,53,73.0
9000.jpg:78,25,121,39,65.75
90000.jpg:38,39,137,128,85.5
90001.jpg:69,47,64,33,53.25
90002.jpg:198,94,153,27,118.0
90003.jpg:18,89,13,13,33.25
90004.jpg:49,84,27,34,48.5
90005.jpg:70,65,178,103,104.0
90006.jpg:46,26,77,29,44.5
9001.jpg:130,102,159,62,113.25
9002.jpg:57,165,84,93,99.75
9003.jpg:125,65,31,48,67.25
9004.jpg:15,35,5,63,29.5
9005.jpg:18,58,31,44,37.75
9006.jpg:26,71,19,62,44.5
9007.jpg:181,170,151,108,152.5
9008.jpg:47,166,169,20,100.5
91000.jpg:90,15,1,77,45.75
91001.jpg:60,24,1,64,37.25
91002.jpg:23,15,22,20,20.0
91003.jpg:61,77,25,2,41.25
91005.jpg:59,30,53,24,41.5
92000.jpg:79,118,37,46,70.0
92001.jpg:119,133,55,200,126.75
92002.jpg:149,118,69,4,85.0
92003.jpg:41,204,21,87,88.25
92004.jpg:107,91,118,41,89.25
92005.jpg:101,133,78,47,89.75
92007.jpg:104,62,115,31,78.0
92016.jpg:205,62,138,139,136.0
96000.jpg:26,17,72,15,32.5
96001.jpg:58,110,19,21,52.0
96002.jpg:30,41,27,20,29.5
96003.jpg:193,203,169,50,153.75
96004.jpg:26,80,54,54,53.5
96005.jpg:19,7,104,51,45.25
96006.jpg:82,192,28,41,85.75
96007.jpg:167,34,66,19,71.5
96008.jpg:33,62,49,24,42.0
96009.jpg:82,142,54,37,78.75
96010.jpg:146,125,46,50,91.75
98000.jpg:35,37,17,86,43.75
98001.jpg:59,254,132,20,116.25
98002.jpg:29,68,34,43,43.5
98003.jpg:230,164,93,26,128.25
98004.jpg:18,31,43,20,28.0
98005.jpg:117,27,47,127,79.5
99000.jpg:191,223,153,170,184.25
99001.jpg:57,187,71,135,112.5
99002.jpg:40,186,50,11,71.75
99003.jpg:95,78,22,75,67.5
99004.jpg:127,42,187,106,115.5
99005.jpg:45,55,28,20,37.0
99006.jpg:245,113,143,221,180.5
99007.jpg:47,205,71,133,114.0
99008.jpg:226,69,107,93,123.75
