203000.jpg:9, 7, 10, 4, 0
7005.jpg:16, 15, 8, 0, 3
55008.jpg:13, 14, 8, 12, 5
41007.jpg:21, 15, 10, 4, 6
85001.jpg:1, 50, 1, 0, 7
12001.jpg:4, 25, 12, 15, 8
202000.jpg:10, 21, 21, 10, 10
60000.jpg:30, 18, 12, 4, 11
432000.jpg:20, 9, 26, 9, 11
421000.jpg:12, 14, 21, 21, 12
16000.jpg:29, 3, 23, 15, 13
23005.jpg:37, 11, 4, 20, 14
8001.jpg:21, 26, 22, 6, 15
91002.jpg:23, 12, 22, 18, 15
29003.jpg:2, 21, 11, 42, 15
74003.jpg:25, 9, 11, 34, 16
78001.jpg:22, 17, 37, 4, 16
1001.jpg:27, 15, 22, 16, 16
236000.jpg:24, 32, 12, 13, 17
63001.jpg:31, 17, 10, 26, 18
26005.jpg:16, 15, 38, 16, 18
30000.jpg:9, 23, 34, 19, 18
16004.jpg:11, 13, 39, 23, 18
127002.jpg:15, 5, 36, 31, 19
39001.jpg:11, 30, 6, 41, 19
121000.jpg:11, 15, 43, 20, 19
157003.jpg:45, 7, 29, 9, 20
19003.jpg:27, 31, 16, 16, 20
27001.jpg:0, 38, 1, 51, 20
107002.jpg:19, 49, 10, 14, 20
150000.jpg:4, 26, 14, 48, 20
8004.jpg:17, 60, 11, 6, 21
80004.jpg:36, 10, 15, 35, 22
61002.jpg:24, 28, 36, 10, 22
14000.jpg:28, 21, 26, 23, 22
83002.jpg:43, 43, 0, 13, 23
60003.jpg:20, 46, 13, 21, 23
8003.jpg:21, 41, 27, 12, 23
35000.jpg:38, 16, 21, 26, 23
11005.jpg:27, 50, 16, 11, 24
79000.jpg:30, 22, 41, 11, 24
23009.jpg:31, 25, 41, 8, 25
238010.jpg:27, 27, 14, 37, 25
75001.jpg:11, 61, 5, 29, 25
126002.jpg:32, 47, 19, 9, 25
80003.jpg:12, 69, 12, 14, 25
98004.jpg:18, 28, 43, 18, 25
79004.jpg:19, 64, 14, 11, 26
240000.jpg:54, 21, 16, 17, 26
102000.jpg:5, 60, 38, 6, 26
201010.jpg:15, 57, 26, 13, 27
54001.jpg:1, 52, 43, 15, 27
6002.jpg:34, 22, 30, 25, 27
114002.jpg:11, 63, 8, 29, 27
110001.jpg:63, 8, 30, 11, 27
3003.jpg:19, 31, 32, 30, 27
78003.jpg:29, 21, 52, 11, 27
4004.jpg:32, 41, 24, 16, 27
96002.jpg:30, 38, 27, 18, 27
17014.jpg:23, 32, 36, 22, 27
9004.jpg:15, 32, 5, 61, 27
59001.jpg:5, 50, 17, 42, 28
43004.jpg:22, 62, 8, 23, 28
38004.jpg:61, 14, 33, 8, 28
54002.jpg:37, 29, 31, 19, 28
54007.jpg:55, 49, 1, 13, 29
25000.jpg:26, 18, 32, 42, 29
267007.jpg:21, 20, 22, 55, 29
111002.jpg:18, 62, 12, 27, 29
105009.jpg:28, 23, 20, 50, 30
245000.jpg:37, 40, 35, 12, 31
80006.jpg:40, 29, 10, 45, 31
96000.jpg:26, 14, 72, 13, 31
29005.jpg:26, 53, 28, 19, 32
131011.jpg:24, 43, 33, 26, 32
17002.jpg:31, 12, 59, 25, 32
90003.jpg:18, 87, 13, 11, 32
4006.jpg:36, 22, 34, 36, 32
89002.jpg:22, 53, 44, 11, 33
141001.jpg:28, 29, 44, 29, 33
74001.jpg:25, 31, 44, 32, 34
76005.jpg:42, 17, 29, 44, 34
429000.jpg:43, 34, 22, 35, 34
50003.jpg:14, 10, 46, 65, 34
38003.jpg:50, 12, 63, 10, 35
136000.jpg:21, 25, 12, 78, 35
222000.jpg:97, 11, 22, 7, 35
117000.jpg:41, 59, 21, 15, 35
10009.jpg:26, 58, 33, 19, 35
254005.jpg:19, 67, 20, 30, 35
11001.jpg:34, 27, 57, 19, 35
6000.jpg:38, 13, 50, 36, 35
64003.jpg:22, 19, 53, 44, 36
29004.jpg:30, 61, 23, 25, 36
8002.jpg:61, 24, 11, 43, 36
111003.jpg:16, 85, 13, 27, 36
24000.jpg:42, 23, 58, 18, 37
64010.jpg:19, 32, 60, 30, 37
412001.jpg:29, 45, 24, 43, 37
161000.jpg:34, 51, 44, 13, 37
23007.jpg:11, 77, 29, 25, 37
238011.jpg:23, 37, 45, 37, 37
3004.jpg:29, 19, 57, 37, 37
33005.jpg:28, 30, 23, 61, 37
99005.jpg:45, 52, 28, 18, 37
78005.jpg:31, 41, 42, 29, 37
34000.jpg:53, 21, 20, 49, 37
41005.jpg:48, 21, 54, 21, 38
120001.jpg:56, 18, 27, 43, 38
91001.jpg:60, 21, 1, 62, 38
110000.jpg:31, 39, 41, 34, 38
12003.jpg:35, 49, 12, 49, 38
75003.jpg:35, 61, 36, 14, 38
76000.jpg:35, 54, 22, 35, 38
9005.jpg:18, 55, 31, 42, 38
13008.jpg:16, 41, 38, 51, 38
72000.jpg:24, 50, 20, 53, 39
18005.jpg:42, 47, 41, 18, 39
223000.jpg:72, 11, 24, 42, 39
11003.jpg:27, 42, 34, 46, 39
150001.jpg:6, 32, 61, 50, 39
136001.jpg:25, 32, 33, 59, 39
18003.jpg:56, 14, 34, 47, 40
57003.jpg:31, 25, 45, 50, 40
36004.jpg:38, 85, 18, 12, 40
44003.jpg:23, 96, 21, 13, 40
24007.jpg:61, 23, 36, 32, 40
141000.jpg:46, 52, 49, 7, 41
119000.jpg:61, 48, 32, 13, 41
7001.jpg:25, 56, 52, 21, 41
35007.jpg:20, 59, 21, 54, 41
41000.jpg:83, 17, 39, 16, 41
222001.jpg:32, 42, 22, 59, 41
23001.jpg:16, 44, 23, 73, 41
107001.jpg:70, 32, 26, 28, 42
111001.jpg:16, 52, 20, 69, 42
1000.jpg:22, 48, 50, 37, 42
201001.jpg:25, 13, 77, 42, 42
84006.jpg:35, 55, 44, 24, 43
223001.jpg:61, 16, 57, 24, 43
25003.jpg:36, 20, 59, 43, 43
91003.jpg:61, 74, 25, 0, 43
26004.jpg:38, 60, 43, 19, 43
38005.jpg:22, 37, 32, 70, 43
91005.jpg:59, 27, 53, 22, 44
106005.jpg:59, 29, 46, 27, 44
33002.jpg:131, 19, 8, 5, 44
120003.jpg:56, 11, 65, 30, 44
13006.jpg:21, 25, 80, 36, 44
78004.jpg:37, 64, 24, 37, 44
35004.jpg:28, 37, 37, 60, 44
134002.jpg:19, 42, 35, 67, 44
77000.jpg:28, 51, 63, 21, 44
96008.jpg:33, 59, 49, 22, 44
254004.jpg:19, 86, 29, 30, 44
157001.jpg:49, 21, 58, 35, 44
79003.jpg:6, 99, 10, 49, 44
3002.jpg:17, 99, 30, 19, 45
51005.jpg:71, 27, 26, 40, 45
61003.jpg:29, 110, 22, 5, 45
5005.jpg:81, 10, 40, 34, 45
4009.jpg:31, 50, 38, 46, 45
85004.jpg:61, 45, 29, 31, 45
36009.jpg:29, 48, 58, 31, 45
61001.jpg:13, 106, 16, 32, 45
53005.jpg:54, 81, 17, 15, 46
11009.jpg:61, 32, 56, 18, 46
412000.jpg:32, 35, 82, 18, 46
4000.jpg:18, 40, 89, 21, 46
50002.jpg:8, 38, 29, 93, 46
56000.jpg:16, 115, 11, 27, 46
25004.jpg:34, 64, 18, 52, 46
1006.jpg:14, 46, 10, 99, 46
15005.jpg:80, 52, 27, 10, 46
31000.jpg:81, 23, 39, 26, 46
98002.jpg:29, 65, 34, 41, 46
21008.jpg:67, 59, 28, 16, 47
7003.jpg:20, 105, 27, 19, 47
98000.jpg:35, 34, 17, 85, 47
157002.jpg:60, 28, 68, 15, 47
31001.jpg:37, 41, 16, 78, 47
268002.jpg:11, 81, 66, 14, 47
90006.jpg:46, 23, 77, 27, 48
84002.jpg:17, 94, 19, 44, 48
9006.jpg:26, 68, 19, 60, 48
64011.jpg:85, 21, 43, 26, 48
6003.jpg:34, 39, 81, 21, 48
64001.jpg:32, 7, 107, 30, 48
127003.jpg:28, 56, 55, 36, 48
54006.jpg:24, 97, 17, 38, 48
57000.jpg:73, 10, 33, 59, 48
17004.jpg:12, 77, 21, 66, 48
164001.jpg:66, 15, 52, 43, 49
96005.jpg:19, 4, 105, 49, 49
33003.jpg:22, 78, 59, 18, 49
17000.jpg:36, 21, 101, 20, 49
64000.jpg:59, 34, 57, 27, 49
143004.jpg:43, 36, 9, 90, 49
432001.jpg:39, 72, 27, 40, 49
104002.jpg:17, 75, 25, 61, 49
91000.jpg:91, 12, 1, 76, 49
13000.jpg:31, 35, 13, 100, 49
113004.jpg:57, 25, 81, 16, 50
13002.jpg:34, 65, 41, 40, 50
25005.jpg:21, 103, 14, 44, 50
23003.jpg:29, 78, 35, 40, 51
115001.jpg:26, 53, 52, 51, 51
121002.jpg:35, 30, 39, 79, 51
57004.jpg:77, 15, 79, 12, 51
4010.jpg:37, 101, 26, 20, 51
412002.jpg:24, 24, 93, 43, 51
516000.jpg:20, 17, 80, 67, 51
68002.jpg:27, 34, 116, 8, 51
83000.jpg:37, 85, 47, 16, 51
516001.jpg:35, 32, 78, 39, 51
104003.jpg:29, 23, 112, 23, 52
68000.jpg:33, 27, 89, 39, 52
53000.jpg:98, 26, 29, 36, 53
25011.jpg:26, 29, 11, 123, 53
90004.jpg:49, 81, 27, 32, 53
105004.jpg:70, 66, 20, 33, 53
81003.jpg:30, 66, 47, 46, 53
78014.jpg:20, 35, 58, 77, 53
37005.jpg:16, 76, 17, 82, 53
127000.jpg:24, 36, 22, 109, 53
58001.jpg:29, 10, 124, 29, 54
222003.jpg:65, 60, 35, 31, 54
236001.jpg:43, 53, 41, 54, 54
53001.jpg:43, 76, 43, 30, 54
102003.jpg:57, 36, 62, 37, 54
14005.jpg:129, 27, 26, 12, 54
67006.jpg:68, 15, 67, 43, 54
61007.jpg:63, 75, 35, 21, 55
63003.jpg:39, 101, 28, 27, 55
429002.jpg:91, 27, 43, 34, 55
48001.jpg:31, 24, 68, 72, 55
120002.jpg:55, 91, 40, 10, 55
131003.jpg:49, 68, 59, 19, 55
122014.jpg:22, 86, 59, 29, 55
51006.jpg:27, 61, 67, 40, 55
14001.jpg:82, 35, 17, 61, 55
119001.jpg:27, 62, 97, 11, 55
15000.jpg:75, 19, 65, 37, 55
10007.jpg:43, 88, 47, 20, 56
54004.jpg:49, 50, 64, 34, 56
15006.jpg:58, 15, 116, 10, 56
117004.jpg:17, 63, 58, 60, 56
22008.jpg:57, 28, 33, 81, 56
28000.jpg:53, 20, 11, 115, 56
115002.jpg:50, 10, 126, 14, 56
24008.jpg:37, 58, 57, 47, 56
76004.jpg:22, 7, 51, 120, 56
121003.jpg:70, 69, 53, 8, 57
427000.jpg:35, 136, 16, 14, 57
10006.jpg:52, 39, 47, 62, 57
119003.jpg:39, 74, 73, 15, 57
13009.jpg:121, 36, 28, 17, 57
40004.jpg:71, 44, 69, 17, 57
115005.jpg:74, 16, 80, 31, 57
63002.jpg:46, 113, 11, 32, 57
36006.jpg:64, 23, 75, 40, 57
122000.jpg:127, 40, 32, 5, 58
96001.jpg:58, 108, 19, 19, 58
8005.jpg:30, 110, 37, 27, 58
421001.jpg:45, 30, 42, 87, 58
27000.jpg:57, 76, 65, 6, 58
19007.jpg:113, 21, 52, 19, 58
164000.jpg:49, 90, 16, 50, 58
103002.jpg:28, 31, 74, 72, 58
59002.jpg:95, 46, 65, 0, 58
131000.jpg:28, 149, 16, 13, 58
59003.jpg:73, 24, 91, 19, 59
157009.jpg:73, 51, 54, 28, 59
7000.jpg:38, 99, 31, 40, 59
55000.jpg:55, 60, 29, 64, 59
50000.jpg:23, 62, 116, 8, 59
45003.jpg:86, 40, 74, 9, 59
67000.jpg:22, 125, 40, 22, 59
90001.jpg:69, 44, 64, 31, 59
21002.jpg:60, 68, 41, 39, 59
10000.jpg:48, 39, 46, 76, 59
96004.jpg:26, 77, 54, 52, 60
77003.jpg:89, 41, 71, 10, 60
56003.jpg:24, 59, 26, 102, 60
143000.jpg:22, 32, 17, 141, 60
222002.jpg:35, 73, 78, 25, 60
114003.jpg:136, 19, 43, 15, 61
202002.jpg:35, 60, 98, 20, 61
82004.jpg:24, 51, 117, 22, 61
28003.jpg:38, 113, 31, 32, 61
15008.jpg:87, 31, 83, 14, 61
72001.jpg:97, 20, 80, 18, 61
23002.jpg:111, 17, 64, 23, 61
266002.jpg:22, 19, 140, 34, 61
24004.jpg:43, 63, 60, 49, 62
67002.jpg:15, 164, 19, 19, 62
112003.jpg:69, 92, 30, 26, 62
81005.jpg:12, 94, 22, 90, 62
55005.jpg:43, 108, 39, 29, 63
122003.jpg:66, 63, 48, 41, 63
57001.jpg:64, 23, 67, 65, 63
80005.jpg:134, 36, 25, 26, 63
67010.jpg:29, 24, 22, 147, 63
11004.jpg:35, 100, 12, 76, 64
32003.jpg:29, 121, 42, 31, 64
203002.jpg:146, 15, 26, 36, 64
59007.jpg:37, 59, 76, 50, 64
55001.jpg:63, 134, 17, 10, 64
67001.jpg:24, 155, 26, 19, 64
120006.jpg:122, 29, 40, 33, 64
154001.jpg:47, 71, 56, 49, 64
20004.jpg:68, 53, 52, 50, 64
58004.jpg:124, 23, 53, 25, 65
29001.jpg:63, 56, 78, 27, 65
2001.jpg:22, 53, 87, 64, 65
59000.jpg:67, 12, 129, 18, 65
30003.jpg:14, 104, 49, 59, 65
266000.jpg:41, 16, 70, 99, 65
102004.jpg:16, 130, 56, 25, 65
1008.jpg:50, 87, 76, 15, 66
110003.jpg:43, 123, 46, 16, 66
23004.jpg:144, 21, 41, 22, 66
82001.jpg:25, 73, 108, 22, 66
161001.jpg:25, 49, 57, 97, 66
104001.jpg:54, 62, 83, 29, 66
59004.jpg:16, 167, 40, 7, 66
20000.jpg:88, 35, 55, 52, 66
14002.jpg:93, 27, 41, 70, 66
62001.jpg:120, 74, 22, 16, 67
54005.jpg:62, 76, 64, 29, 67
16002.jpg:134, 0, 99, 1, 67
53020.jpg:52, 34, 122, 25, 67
75005.jpg:42, 91, 12, 89, 67
55010.jpg:28, 54, 48, 103, 67
110006.jpg:25, 167, 34, 8, 68
8006.jpg:62, 96, 39, 37, 68
107000.jpg:23, 174, 32, 7, 68
36001.jpg:26, 189, 18, 4, 68
60005.jpg:32, 91, 89, 25, 68
45005.jpg:63, 21, 86, 67, 68
10004.jpg:40, 70, 92, 35, 69
48005.jpg:40, 59, 52, 86, 69
84004.jpg:27, 26, 23, 162, 69
63004.jpg:21, 168, 40, 9, 69
18006.jpg:110, 20, 75, 34, 69
254003.jpg:31, 44, 127, 37, 69
101000.jpg:24, 66, 106, 43, 69
120000.jpg:114, 18, 49, 58, 69
254000.jpg:146, 8, 17, 71, 70
43003.jpg:44, 55, 51, 92, 70
45001.jpg:93, 54, 80, 17, 71
19004.jpg:95, 33, 89, 29, 71
126000.jpg:109, 48, 53, 35, 71
20003.jpg:83, 97, 20, 45, 71
10005.jpg:100, 41, 40, 65, 71
30001.jpg:78, 123, 31, 14, 72
29008.jpg:71, 97, 44, 35, 72
62004.jpg:18, 28, 123, 79, 72
134000.jpg:34, 30, 34, 150, 72
36005.jpg:65, 105, 72, 6, 72
238000.jpg:121, 19, 93, 16, 72
76007.jpg:50, 149, 29, 20, 72
1010.jpg:33, 124, 66, 25, 72
85006.jpg:46, 87, 90, 27, 73
54000.jpg:55, 47, 94, 53, 73
56002.jpg:59, 15, 74, 101, 73
245003.jpg:45, 74, 15, 115, 73
5013.jpg:28, 102, 80, 41, 73
115006.jpg:65, 38, 97, 51, 73
58000.jpg:39, 26, 107, 81, 74
31002.jpg:39, 59, 40, 114, 74
143001.jpg:16, 207, 19, 12, 74
19005.jpg:144, 74, 21, 14, 74
1009.jpg:66, 99, 64, 24, 74
201000.jpg:108, 63, 34, 48, 74
12008.jpg:116, 59, 69, 10, 74
25006.jpg:33, 202, 9, 11, 74
114001.jpg:10, 189, 18, 38, 74
25002.jpg:5, 174, 7, 70, 74
150004.jpg:48, 23, 91, 93, 74
72002.jpg:93, 37, 30, 95, 74
113001.jpg:15, 132, 11, 97, 74
15001.jpg:62, 33, 137, 23, 75
126004.jpg:128, 46, 57, 24, 75
86006.jpg:127, 41, 68, 21, 75
113002.jpg:66, 47, 99, 45, 75
13007.jpg:64, 90, 45, 58, 75
22009.jpg:112, 31, 56, 58, 75
43007.jpg:28, 47, 100, 83, 75
4001.jpg:16, 38, 50, 154, 75
266003.jpg:107, 126, 9, 17, 76
76008.jpg:66, 58, 46, 88, 76
9000.jpg:78, 22, 122, 37, 76
143002.jpg:92, 98, 52, 20, 77
48003.jpg:148, 23, 61, 29, 77
121004.jpg:32, 39, 138, 52, 77
101003.jpg:19, 67, 120, 55, 77
111000.jpg:61, 118, 23, 59, 77
80002.jpg:55, 96, 35, 76, 77
115000.jpg:53, 48, 59, 101, 77
44001.jpg:35, 37, 181, 10, 77
43000.jpg:94, 92, 58, 19, 77
4002.jpg:74, 120, 31, 37, 77
36003.jpg:20, 159, 26, 57, 77
86004.jpg:54, 31, 49, 129, 77
81004.jpg:16, 34, 13, 201, 77
48000.jpg:131, 50, 66, 17, 78
55003.jpg:109, 4, 120, 32, 78
5006.jpg:90, 11, 138, 27, 78
63000.jpg:17, 69, 134, 45, 78
9003.jpg:126, 62, 31, 46, 78
58005.jpg:35, 69, 23, 139, 78
31003.jpg:34, 57, 25, 150, 78
26003.jpg:112, 38, 96, 21, 78
99003.jpg:96, 75, 22, 74, 78
11010.jpg:57, 58, 68, 83, 78
67003.jpg:58, 36, 39, 134, 78
69001.jpg:97, 40, 39, 92, 79
104000.jpg:130, 74, 42, 22, 79
1007.jpg:17, 32, 14, 207, 79
12005.jpg:118, 58, 32, 61, 79
2000.jpg:49, 62, 29, 130, 79
1004.jpg:58, 38, 158, 16, 80
69002.jpg:135, 53, 62, 20, 80
126003.jpg:24, 147, 46, 53, 80
105010.jpg:35, 176, 28, 33, 80
1011.jpg:34, 112, 43, 83, 80
30009.jpg:40, 41, 37, 154, 80
103005.jpg:19, 189, 41, 24, 80
8000.jpg:28, 129, 33, 84, 81
41008.jpg:27, 65, 37, 145, 81
24006.jpg:170, 8, 85, 14, 81
38002.jpg:97, 118, 33, 28, 81
22005.jpg:88, 64, 47, 77, 81
92000.jpg:79, 116, 37, 44, 82
114000.jpg:107, 49, 37, 84, 82
142001.jpg:143, 37, 61, 36, 82
412005.jpg:31, 95, 42, 111, 82
69000.jpg:27, 35, 60, 157, 82
59005.jpg:153, 27, 89, 11, 83
69008.jpg:53, 180, 22, 25, 83
2002.jpg:149, 58, 27, 45, 83
111005.jpg:85, 39, 95, 61, 83
203001.jpg:46, 137, 16, 81, 83
69004.jpg:17, 2, 17, 245, 83
62000.jpg:47, 105, 86, 43, 83
7004.jpg:60, 134, 27, 59, 83
120007.jpg:96, 70, 52, 62, 83
84007.jpg:39, 95, 46, 101, 83
96007.jpg:168, 31, 66, 17, 84
18002.jpg:31, 88, 136, 28, 84
33007.jpg:22, 185, 27, 49, 84
131001.jpg:88, 64, 77, 53, 84
105001.jpg:143, 24, 39, 77, 84
99002.jpg:40, 185, 50, 9, 84
69003.jpg:51, 90, 51, 92, 84
12004.jpg:105, 104, 66, 12, 85
62003.jpg:51, 113, 102, 21, 85
31004.jpg:54, 155, 27, 50, 85
25001.jpg:30, 165, 7, 85, 85
18004.jpg:66, 153, 28, 40, 86
114004.jpg:49, 25, 129, 85, 86
254001.jpg:47, 37, 159, 45, 86
89008.jpg:134, 30, 73, 51, 86
75000.jpg:36, 68, 130, 54, 86
33001.jpg:33, 58, 62, 136, 86
16001.jpg:43, 40, 32, 174, 86
48004.jpg:130, 47, 100, 13, 86
122004.jpg:118, 78, 74, 19, 86
72003.jpg:82, 143, 31, 33, 86
14004.jpg:24, 174, 91, 3, 87
76003.jpg:136, 75, 44, 35, 87
22004.jpg:72, 69, 51, 98, 87
102005.jpg:100, 133, 40, 19, 87
35005.jpg:38, 32, 26, 199, 88
21015.jpg:53, 83, 77, 81, 88
50004.jpg:39, 44, 14, 199, 88
122002.jpg:134, 54, 95, 13, 88
497000.jpg:90, 157, 19, 30, 88
30005.jpg:45, 180, 23, 48, 88
420001.jpg:74, 82, 81, 57, 88
32006.jpg:83, 86, 64, 64, 89
238003.jpg:67, 70, 78, 81, 89
84001.jpg:41, 105, 47, 104, 89
63006.jpg:53, 201, 23, 21, 89
37004.jpg:37, 192, 35, 34, 89
17008.jpg:31, 39, 194, 34, 89
3001.jpg:72, 118, 25, 83, 89
101001.jpg:19, 241, 24, 15, 89
23008.jpg:107, 60, 48, 84, 89
22007.jpg:106, 60, 85, 49, 90
32005.jpg:130, 22, 130, 20, 90
120005.jpg:37, 105, 116, 44, 90
14003.jpg:183, 20, 82, 18, 91
21003.jpg:31, 188, 40, 44, 91
103000.jpg:60, 96, 42, 106, 91
268003.jpg:24, 85, 175, 22, 91
12006.jpg:64, 32, 125, 85, 92
53003.jpg:78, 66, 111, 51, 92
32001.jpg:13, 218, 7, 70, 92
101002.jpg:8, 214, 11, 75, 92
67011.jpg:40, 114, 39, 114, 92
21004.jpg:23, 122, 39, 123, 92
27004.jpg:54, 59, 22, 172, 92
201002.jpg:13, 250, 26, 19, 92
35006.jpg:25, 50, 206, 27, 92
267003.jpg:21, 203, 21, 64, 92
92007.jpg:105, 59, 116, 29, 93
15002.jpg:134, 50, 95, 30, 93
20002.jpg:17, 94, 111, 88, 93
76006.jpg:58, 134, 28, 89, 93
154000.jpg:56, 38, 56, 159, 93
34004.jpg:83, 154, 33, 39, 93
79007.jpg:108, 91, 26, 86, 93
110002.jpg:27, 109, 56, 119, 93
7002.jpg:14, 97, 34, 167, 93
104004.jpg:44, 173, 79, 16, 94
24012.jpg:3, 177, 107, 26, 94
96009.jpg:82, 140, 54, 35, 94
112001.jpg:29, 79, 131, 73, 94
29000.jpg:26, 147, 15, 124, 94
74000.jpg:93, 125, 37, 60, 95
16006.jpg:21, 179, 49, 67, 95
98005.jpg:118, 24, 47, 126, 95
236006.jpg:167, 44, 32, 73, 95
53004.jpg:155, 37, 102, 23, 95
102001.jpg:66, 148, 37, 66, 95
34005.jpg:78, 49, 25, 165, 95
35001.jpg:231, 61, 15, 11, 96
83003.jpg:186, 24, 72, 36, 96
127001.jpg:31, 199, 24, 65, 96
23000.jpg:140, 37, 68, 73, 96
27005.jpg:112, 121, 75, 12, 96
112000.jpg:52, 213, 35, 20, 96
133002.jpg:119, 121, 58, 22, 96
41006.jpg:64, 80, 152, 23, 96
40005.jpg:65, 101, 116, 39, 97
61005.jpg:87, 51, 54, 130, 97
268001.jpg:26, 24, 46, 226, 97
78000.jpg:113, 124, 52, 34, 97
115004.jpg:116, 60, 88, 59, 97
32000.jpg:46, 56, 110, 112, 98
37003.jpg:89, 25, 198, 14, 98
40002.jpg:129, 31, 133, 32, 98
64004.jpg:118, 28, 156, 24, 98
12002.jpg:9, 138, 24, 156, 98
48002.jpg:119, 23, 168, 17, 99
18012.jpg:74, 200, 31, 23, 99
77001.jpg:47, 171, 83, 28, 99
1002.jpg:109, 60, 126, 34, 99
80000.jpg:255, 32, 38, 6, 100
103003.jpg:42, 133, 143, 12, 100
74004.jpg:49, 72, 69, 140, 100
112004.jpg:27, 173, 48, 85, 100
5004.jpg:57, 103, 146, 27, 101
150013.jpg:158, 109, 31, 35, 101
60002.jpg:34, 201, 55, 43, 101
41004.jpg:160, 16, 63, 94, 101
5003.jpg:87, 187, 35, 26, 101
17007.jpg:52, 211, 52, 20, 101
18000.jpg:52, 17, 244, 22, 101
42005.jpg:101, 95, 101, 40, 102
82000.jpg:93, 34, 161, 48, 102
19009.jpg:19, 159, 72, 86, 102
75010.jpg:35, 35, 61, 206, 102
92002.jpg:150, 116, 69, 2, 102
89003.jpg:82, 111, 64, 81, 102
15009.jpg:22, 164, 32, 120, 102
78007.jpg:80, 47, 75, 136, 102
53011.jpg:175, 80, 51, 33, 103
113003.jpg:154, 32, 94, 59, 103
90000.jpg:38, 36, 138, 128, 103
96006.jpg:82, 191, 28, 39, 103
45009.jpg:48, 193, 59, 40, 103
13004.jpg:75, 83, 98, 84, 103
13005.jpg:162, 126, 43, 10, 103
18001.jpg:56, 87, 55, 144, 103
6001.jpg:156, 82, 82, 21, 104
80001.jpg:96, 163, 32, 52, 104
39002.jpg:69, 116, 79, 79, 104
117001.jpg:144, 67, 49, 83, 104
126001.jpg:121, 14, 81, 128, 104
30002.jpg:55, 150, 57, 82, 104
105000.jpg:56, 56, 44, 188, 104
267001.jpg:105, 69, 58, 113, 105
74002.jpg:55, 88, 43, 161, 105
122001.jpg:38, 107, 94, 109, 105
40003.jpg:45, 114, 54, 136, 106
412003.jpg:41, 10, 49, 249, 106
4003.jpg:86, 90, 160, 14, 106
79001.jpg:34, 194, 1, 121, 106
45004.jpg:117, 35, 124, 75, 106
41001.jpg:95, 115, 64, 77, 106
92003.jpg:41, 203, 21, 86, 106
83001.jpg:83, 158, 67, 42, 107
37006.jpg:51, 127, 74, 99, 107
78002.jpg:46, 31, 160, 114, 107
81007.jpg:127, 105, 83, 37, 107
236007.jpg:170, 45, 55, 83, 107
254002.jpg:12, 177, 39, 126, 107
28001.jpg:79, 73, 52, 149, 107
92004.jpg:108, 89, 119, 39, 108
102002.jpg:62, 98, 82, 112, 108
103004.jpg:83, 106, 121, 45, 108
92005.jpg:102, 131, 78, 45, 108
36002.jpg:55, 81, 193, 28, 109
29006.jpg:167, 29, 152, 10, 109
42000.jpg:164, 89, 89, 17, 109
105002.jpg:39, 127, 124, 69, 109
62005.jpg:99, 46, 103, 112, 109
26002.jpg:138, 50, 171, 2, 110
51004.jpg:230, 52, 66, 14, 110
51003.jpg:148, 10, 167, 37, 110
24003.jpg:90, 138, 92, 43, 110
86011.jpg:128, 81, 144, 10, 111
79010.jpg:151, 81, 66, 65, 111
26001.jpg:62, 217, 68, 17, 111
58007.jpg:53, 175, 110, 27, 111
96010.jpg:147, 123, 46, 48, 111
106001.jpg:117, 63, 124, 60, 111
222012.jpg:50, 198, 31, 86, 111
81001.jpg:70, 58, 77, 161, 112
84000.jpg:209, 104, 19, 36, 112
3005.jpg:23, 167, 76, 101, 112
51010.jpg:17, 117, 40, 195, 112
53006.jpg:15, 224, 110, 20, 112
267000.jpg:36, 182, 124, 27, 112
5001.jpg:49, 207, 38, 75, 112
51011.jpg:95, 73, 89, 114, 113
150002.jpg:45, 164, 59, 103, 113
62002.jpg:153, 44, 127, 48, 114
133003.jpg:203, 75, 42, 52, 114
40000.jpg:157, 83, 70, 62, 114
55006.jpg:122, 52, 104, 96, 114
19000.jpg:29, 57, 187, 101, 114
41003.jpg:54, 193, 32, 96, 114
79002.jpg:181, 123, 58, 14, 115
131002.jpg:68, 87, 165, 56, 115
106003.jpg:87, 132, 129, 30, 115
106000.jpg:89, 191, 38, 60, 115
222004.jpg:51, 106, 103, 118, 115
13003.jpg:87, 193, 74, 25, 116
67004.jpg:117, 160, 19, 83, 116
61000.jpg:155, 97, 40, 87, 116
4005.jpg:243, 52, 36, 48, 116
75011.jpg:103, 68, 129, 80, 116
134006.jpg:57, 46, 248, 29, 116
12000.jpg:25, 57, 107, 193, 116
202004.jpg:151, 164, 32, 35, 117
142000.jpg:170, 91, 73, 50, 117
82002.jpg:159, 10, 163, 51, 117
39003.jpg:206, 48, 97, 35, 118
10002.jpg:53, 191, 54, 88, 118
22000.jpg:85, 192, 74, 36, 118
55007.jpg:85, 122, 53, 128, 118
45008.jpg:137, 59, 163, 28, 119
44000.jpg:26, 77, 165, 119, 119
107008.jpg:133, 120, 94, 42, 119
56005.jpg:73, 83, 184, 48, 119
103007.jpg:140, 102, 91, 56, 119
76009.jpg:61, 66, 55, 207, 119
56001.jpg:211, 33, 134, 12, 119
23006.jpg:174, 9, 191, 17, 119
86005.jpg:121, 181, 67, 21, 119
21009.jpg:170, 68, 125, 29, 120
39004.jpg:110, 102, 75, 105, 120
79005.jpg:24, 118, 237, 14, 120
134004.jpg:96, 82, 145, 70, 120
39000.jpg:68, 143, 100, 83, 121
27008.jpg:71, 167, 62, 93, 121
81000.jpg:53, 70, 41, 230, 121
45000.jpg:174, 147, 35, 39, 121
112002.jpg:28, 183, 130, 55, 121
24005.jpg:72, 75, 190, 59, 122
9002.jpg:57, 163, 85, 92, 122
32007.jpg:32, 205, 64, 97, 122
22001.jpg:53, 114, 83, 148, 122
9008.jpg:47, 164, 171, 18, 123
22002.jpg:108, 214, 58, 20, 123
21006.jpg:64, 245, 36, 55, 123
34007.jpg:12, 207, 97, 87, 123
42006.jpg:44, 255, 75, 29, 124
40001.jpg:125, 49, 82, 147, 124
20005.jpg:130, 51, 103, 121, 124
117002.jpg:63, 66, 123, 153, 124
58003.jpg:70, 64, 144, 128, 125
245001.jpg:87, 30, 187, 104, 125
254011.jpg:159, 78, 132, 38, 125
81009.jpg:197, 69, 86, 56, 125
85005.jpg:143, 21, 152, 95, 126
202001.jpg:228, 59, 79, 45, 127
75004.jpg:114, 88, 41, 170, 127
421002.jpg:15, 153, 62, 182, 127
28002.jpg:69, 135, 90, 119, 127
90005.jpg:70, 62, 180, 102, 128
24002.jpg:37, 164, 43, 170, 128
24013.jpg:127, 92, 89, 108, 128
202003.jpg:61, 101, 214, 40, 128
27006.jpg:94, 163, 89, 71, 128
21005.jpg:96, 43, 205, 73, 128
13001.jpg:159, 54, 191, 14, 129
119002.jpg:105, 123, 189, 3, 129
104005.jpg:152, 42, 168, 56, 129
86001.jpg:69, 145, 54, 151, 129
119012.jpg:68, 75, 152, 125, 130
420000.jpg:148, 23, 52, 199, 130
41002.jpg:98, 206, 61, 57, 130
85002.jpg:61, 225, 74, 61, 130
19006.jpg:28, 179, 142, 75, 131
497002.jpg:128, 82, 160, 53, 131
35002.jpg:137, 80, 126, 81, 131
39005.jpg:241, 38, 85, 61, 131
103006.jpg:120, 32, 163, 110, 131
268000.jpg:153, 46, 192, 35, 132
79006.jpg:42, 65, 139, 181, 132
58006.jpg:158, 69, 136, 65, 132
42008.jpg:95, 18, 129, 188, 133
21000.jpg:103, 10, 211, 107, 133
42004.jpg:30, 229, 23, 149, 133
104007.jpg:78, 227, 100, 27, 134
27009.jpg:237, 12, 174, 11, 134
15003.jpg:105, 102, 211, 16, 134
238001.jpg:83, 140, 191, 19, 134
133000.jpg:125, 144, 128, 36, 134
154002.jpg:66, 152, 95, 120, 134
27002.jpg:170, 37, 44, 183, 134
34003.jpg:144, 97, 142, 52, 135
1005.jpg:34, 58, 142, 205, 136
78006.jpg:141, 64, 73, 163, 137
26000.jpg:37, 136, 228, 42, 137
157000.jpg:250, 46, 100, 47, 137
16003.jpg:147, 123, 109, 68, 138
38000.jpg:64, 119, 57, 208, 139
99001.jpg:57, 186, 71, 135, 139
3000.jpg:99, 64, 179, 108, 139
429001.jpg:213, 152, 59, 26, 140
56004.jpg:52, 171, 21, 208, 140
9001.jpg:131, 100, 160, 60, 140
85003.jpg:206, 178, 30, 39, 140
86000.jpg:147, 56, 208, 41, 140
40008.jpg:81, 160, 128, 84, 141
99007.jpg:47, 204, 71, 133, 141
105003.jpg:98, 87, 73, 198, 141
86002.jpg:123, 81, 126, 125, 141
11000.jpg:86, 184, 48, 139, 141
33000.jpg:71, 200, 140, 46, 142
38001.jpg:189, 50, 177, 43, 142
22003.jpg:29, 219, 102, 109, 142
29002.jpg:236, 37, 148, 38, 143
99004.jpg:128, 39, 189, 105, 143
20001.jpg:90, 67, 149, 155, 143
117003.jpg:56, 60, 134, 212, 143
84005.jpg:209, 29, 184, 41, 144
45006.jpg:141, 153, 82, 86, 144
18011.jpg:100, 102, 78, 183, 144
98001.jpg:59, 253, 133, 18, 144
11002.jpg:134, 63, 219, 47, 144
51001.jpg:66, 170, 89, 141, 144
267002.jpg:21, 156, 134, 154, 144
17003.jpg:90, 215, 133, 28, 145
57007.jpg:124, 155, 125, 61, 145
2003.jpg:41, 147, 150, 130, 145
102006.jpg:57, 164, 229, 19, 146
163000.jpg:113, 73, 81, 203, 146
90002.jpg:200, 92, 154, 25, 146
21001.jpg:218, 73, 24, 156, 146
63005.jpg:160, 199, 74, 38, 147
64002.jpg:198, 32, 202, 40, 147
106002.jpg:211, 40, 178, 43, 147
84003.jpg:143, 171, 102, 56, 147
43006.jpg:138, 121, 175, 39, 147
15004.jpg:54, 58, 121, 240, 147
55004.jpg:206, 190, 40, 38, 147
35003.jpg:108, 170, 102, 95, 147
54003.jpg:167, 34, 113, 160, 147
61006.jpg:249, 118, 69, 40, 148
11011.jpg:165, 23, 185, 105, 149
18010.jpg:167, 143, 110, 58, 149
110004.jpg:189, 68, 172, 52, 150
53002.jpg:63, 152, 110, 157, 150
5000.jpg:92, 52, 165, 173, 150
37007.jpg:97, 98, 100, 188, 150
240001.jpg:123, 181, 120, 60, 151
19010.jpg:167, 236, 53, 28, 151
68003.jpg:64, 132, 210, 79, 151
32004.jpg:143, 161, 89, 92, 151
105008.jpg:85, 137, 240, 24, 151
42001.jpg:139, 77, 129, 142, 152
121001.jpg:45, 144, 93, 206, 152
432006.jpg:63, 59, 226, 140, 152
133001.jpg:88, 163, 44, 195, 152
42002.jpg:86, 200, 95, 110, 153
50001.jpg:144, 61, 57, 228, 153
55009.jpg:38, 235, 80, 140, 154
99008.jpg:228, 66, 108, 92, 154
16007.jpg:26, 171, 138, 162, 155
161002.jpg:22, 61, 171, 243, 155
57002.jpg:212, 105, 167, 20, 157
133004.jpg:187, 159, 90, 69, 157
31005.jpg:135, 126, 83, 160, 157
92001.jpg:120, 131, 55, 201, 158
68001.jpg:152, 63, 151, 141, 158
33006.jpg:110, 216, 102, 82, 159
75002.jpg:175, 153, 135, 47, 159
98003.jpg:232, 162, 94, 24, 160
85007.jpg:122, 172, 113, 106, 160
163001.jpg:212, 29, 223, 50, 161
89000.jpg:190, 146, 163, 23, 163
85000.jpg:52, 114, 209, 151, 164
81002.jpg:141, 184, 74, 128, 165
44004.jpg:125, 165, 175, 64, 165
27007.jpg:63, 99, 228, 140, 166
111004.jpg:186, 40, 157, 148, 166
24001.jpg:100, 185, 73, 173, 166
33004.jpg:205, 177, 68, 82, 166
113007.jpg:105, 43, 236, 150, 167
1003.jpg:172, 189, 25, 151, 168
134001.jpg:236, 167, 88, 45, 168
55002.jpg:50, 116, 233, 140, 169
5002.jpg:220, 206, 73, 40, 169
92016.jpg:207, 59, 139, 139, 171
34001.jpg:103, 152, 212, 78, 171
117006.jpg:87, 115, 234, 113, 172
497001.jpg:121, 106, 143, 182, 173
89004.jpg:217, 136, 123, 77, 174
113005.jpg:232, 75, 101, 146, 174
89001.jpg:208, 166, 165, 16, 175
43002.jpg:149, 64, 255, 89, 175
21007.jpg:225, 125, 170, 38, 175
22006.jpg:208, 173, 110, 68, 175
113000.jpg:220, 158, 90, 90, 175
103014.jpg:127, 220, 136, 76, 176
45007.jpg:100, 239, 136, 86, 176
53021.jpg:170, 113, 87, 193, 176
4007.jpg:129, 112, 159, 163, 177
60001.jpg:78, 137, 119, 231, 178
37000.jpg:234, 236, 82, 23, 181
103001.jpg:160, 148, 191, 77, 181
2006.jpg:121, 114, 132, 211, 182
44002.jpg:163, 246, 96, 76, 183
42003.jpg:104, 95, 145, 241, 184
81018.jpg:72, 248, 161, 103, 184
76001.jpg:239, 76, 37, 233, 184
40007.jpg:42, 217, 118, 212, 185
120004.jpg:48, 163, 150, 227, 185
86003.jpg:81, 137, 147, 224, 186
43001.jpg:85, 220, 176, 111, 186
76002.jpg:220, 128, 78, 165, 186
161003.jpg:255, 34, 54, 251, 187
20006.jpg:210, 115, 138, 135, 188
64005.jpg:250, 105, 90, 153, 188
74005.jpg:186, 207, 147, 58, 189
53007.jpg:201, 200, 151, 48, 189
37001.jpg:233, 116, 113, 142, 190
114022.jpg:121, 80, 181, 223, 191
58002.jpg:176, 187, 156, 87, 191
34002.jpg:203, 206, 117, 81, 191
77002.jpg:161, 232, 156, 58, 192
9007.jpg:183, 168, 152, 107, 193
10001.jpg:142, 243, 66, 162, 194
96003.jpg:195, 202, 171, 48, 194
266001.jpg:181, 132, 104, 205, 196
268004.jpg:162, 195, 105, 169, 199
45002.jpg:255, 129, 211, 38, 200
36000.jpg:179, 23, 205, 227, 200
51000.jpg:43, 240, 239, 112, 201
27003.jpg:108, 198, 238, 118, 210
114005.jpg:53, 217, 203, 189, 210
32002.jpg:75, 184, 173, 241, 213
19001.jpg:239, 187, 231, 22, 216
17005.jpg:242, 200, 29, 213, 217
427001.jpg:186, 224, 39, 235, 217
19002.jpg:190, 192, 188, 118, 218
10003.jpg:248, 112, 250, 79, 219
51002.jpg:187, 226, 77, 213, 223
99006.jpg:247, 111, 144, 222, 230
115003.jpg:172, 228, 108, 229, 234
99000.jpg:193, 222, 154, 170, 235
17001.jpg:206, 229, 98, 225, 241
17006.jpg:202, 212, 158, 206, 248
104014.jpg:237, 247, 58, 255, 255
